> M00089_ATHB1_01
=	0.4027777778	0.1805555556	0.1805555556	0.2361111111
=	0.0625000000	0.2625000000	0.1625000000	0.5125000000
=	0.2125000000	0.2125000000	0.3625000000	0.2125000000
=	0.1354166667	0.5520833333	0.1770833333	0.1354166667
=	0.8900000000	0.0500000000	0.0100000000	0.0500000000
=	0.9711538462	0.0096153846	0.0096153846	0.0096153846
=	0.0096153846	0.0096153846	0.0096153846	0.9711538462
=	0.0096153846	0.2019230769	0.0096153846	0.7788461538
=	0.9711538462	0.0096153846	0.0096153846	0.0096153846
=	0.0096153846	0.0096153846	0.0096153846	0.9711538462
=	0.0096153846	0.0096153846	0.0096153846	0.9711538462
=	0.1911764706	0.0735294118	0.7205882353	0.0147058824
=	0.1406250000	0.5156250000	0.2656250000	0.0781250000
=	0.5892857143	0.0892857143	0.2321428571	0.0892857143

> M00149_SBF1_01
=	0.0357142857	0.1785714286	0.3214285714	0.4642857143
=	0.3214285714	0.1785714286	0.0357142857	0.4642857143
=	0.3214285714	0.0357142857	0.4642857143	0.1785714286
=	0.1785714286	0.1785714286	0.0357142857	0.6071428571
=	0.1785714286	0.1785714286	0.4642857143	0.1785714286
=	0.1785714286	0.1785714286	0.6071428571	0.0357142857
=	0.0357142857	0.0357142857	0.0357142857	0.8928571429
=	0.0357142857	0.0357142857	0.0357142857	0.8928571429
=	0.8928571429	0.0357142857	0.0357142857	0.0357142857
=	0.7500000000	0.1785714286	0.0357142857	0.0357142857
=	0.4642857143	0.0357142857	0.0357142857	0.4642857143
=	0.6071428571	0.0357142857	0.0357142857	0.3214285714
=	0.4642857143	0.0357142857	0.0357142857	0.4642857143
=	0.1785714286	0.1785714286	0.3214285714	0.3214285714

> M00151_AG_01
=	0.3171641791	0.3022388060	0.0932835821	0.2873134328
=	0.1380597015	0.0485074627	0.0485074627	0.7649253731
=	0.1529850746	0.0037313433	0.0186567164	0.8246268657
=	0.4365671642	0.1231343284	0.1231343284	0.3171641791
=	0.0037313433	0.9888059701	0.0037313433	0.0037313433
=	0.0037313433	0.9738805970	0.0037313433	0.0186567164
=	0.4664179104	0.0485074627	0.0932835821	0.3917910448
=	0.7052238806	0.0335820896	0.0037313433	0.2574626866
=	0.7798507463	0.0037313433	0.0186567164	0.1977611940
=	0.3768656716	0.0037313433	0.0186567164	0.6007462687
=	0.2574626866	0.2276119403	0.1679104478	0.3470149254
=	0.2873134328	0.1231343284	0.3022388060	0.2873134328
=	0.1082089552	0.0037313433	0.8544776119	0.0335820896
=	0.0335820896	0.0037313433	0.8097014925	0.1529850746
=	0.3320895522	0.2574626866	0.0783582090	0.3320895522
=	0.6753731343	0.0634328358	0.0783582090	0.1828358209
=	0.6007462687	0.0932835821	0.1380597015	0.1679104478
=	0.2276119403	0.1529850746	0.2425373134	0.3768656716

> M00343_RAV1_01
=	0.2850000000	0.3450000000	0.2450000000	0.1250000000
=	0.3125000000	0.2163461538	0.1971153846	0.2740384615
=	0.1250000000	0.2456896552	0.6077586207	0.0215517241
=	0.0039682540	0.9880952381	0.0039682540	0.0039682540
=	0.6847826087	0.1775362319	0.1340579710	0.0036231884
=	0.8892857143	0.0607142857	0.0464285714	0.0035714286
=	0.0035714286	0.9892857143	0.0035714286	0.0035714286
=	0.9892857143	0.0035714286	0.0035714286	0.0035714286
=	0.1321428571	0.1035714286	0.4607142857	0.3035714286
=	0.5892857143	0.0607142857	0.0607142857	0.2892857143
=	0.4892857143	0.0892857143	0.1464285714	0.2750000000
=	0.3892857143	0.1321428571	0.2464285714	0.2321428571

> M00344_RAV1_02
=	0.3531746032	0.1944444444	0.1626984127	0.2896825397
=	0.2038461538	0.2346153846	0.1269230769	0.4346153846
=	0.1250000000	0.7462121212	0.0189393939	0.1098484848
=	0.6098484848	0.0946969697	0.1250000000	0.1704545455
=	0.0189393939	0.8522727273	0.0492424242	0.0795454545
=	0.0037878788	0.9886363636	0.0037878788	0.0037878788
=	0.0037878788	0.0037878788	0.0037878788	0.9886363636
=	0.0042372881	0.0042372881	0.9872881356	0.0042372881
=	0.4330357143	0.1294642857	0.3437500000	0.0937500000
=	0.2227272727	0.2772727273	0.3318181818	0.1681818182
=	0.2311320755	0.2688679245	0.3066037736	0.1933962264
=	0.1755319149	0.4308510638	0.1117021277	0.2819148936

> M00345_GAMYB_01
=	0.0096153846	0.6250000000	0.0096153846	0.3557692308
=	0.9711538462	0.0096153846	0.0096153846	0.0096153846
=	0.9711538462	0.0096153846	0.0096153846	0.0096153846
=	0.0096153846	0.9711538462	0.0096153846	0.0096153846
=	0.1250000000	0.5096153846	0.2788461538	0.0865384615
=	0.2019230769	0.1250000000	0.6634615385	0.0096153846
=	0.3942307692	0.3942307692	0.0480769231	0.1634615385
=	0.2100000000	0.6900000000	0.0900000000	0.0100000000

> M00352_DOF1_01
=	0.5156250000	0.2031250000	0.1406250000	0.1406250000
=	0.4531250000	0.2031250000	0.2031250000	0.1406250000
=	0.1406250000	0.3906250000	0.1406250000	0.3281250000
=	0.3906250000	0.0156250000	0.0156250000	0.5781250000
=	0.9531250000	0.0156250000	0.0156250000	0.0156250000
=	0.9531250000	0.0156250000	0.0156250000	0.0156250000
=	0.9531250000	0.0156250000	0.0156250000	0.0156250000
=	0.0156250000	0.0156250000	0.9531250000	0.0156250000
=	0.3281250000	0.3906250000	0.0781250000	0.2031250000
=	0.2656250000	0.2656250000	0.2031250000	0.2656250000
=	0.2833333333	0.4166666667	0.1500000000	0.1500000000

> M00353_DOF2_01
=	0.3295454545	0.3295454545	0.1022727273	0.2386363636
=	0.3295454545	0.2840909091	0.1931818182	0.1931818182
=	0.3295454545	0.1477272727	0.1931818182	0.3295454545
=	0.3295454545	0.1022727273	0.1022727273	0.4659090909
=	0.9659090909	0.0113636364	0.0113636364	0.0113636364
=	0.9659090909	0.0113636364	0.0113636364	0.0113636364
=	0.9659090909	0.0113636364	0.0113636364	0.0113636364
=	0.0113636364	0.0113636364	0.9659090909	0.0113636364
=	0.1477272727	0.5568181818	0.1022727273	0.1931818182
=	0.3295454545	0.1931818182	0.2840909091	0.1931818182
=	0.3295454545	0.2840909091	0.2386363636	0.1477272727

> M00354_DOF3_01
=	0.2386363636	0.1477272727	0.4659090909	0.1477272727
=	0.4659090909	0.2840909091	0.1477272727	0.1022727273
=	0.2386363636	0.2840909091	0.2840909091	0.1931818182
=	0.3750000000	0.1477272727	0.1477272727	0.3295454545
=	0.9659090909	0.0113636364	0.0113636364	0.0113636364
=	0.9659090909	0.0113636364	0.0113636364	0.0113636364
=	0.9659090909	0.0113636364	0.0113636364	0.0113636364
=	0.0113636364	0.0113636364	0.9659090909	0.0113636364
=	0.1477272727	0.4659090909	0.1477272727	0.2386363636
=	0.2840909091	0.2840909091	0.3295454545	0.1022727273
=	0.3750000000	0.2840909091	0.1931818182	0.1477272727

> M00355_PBF_01
=	0.4264705882	0.1911764706	0.1323529412	0.2500000000
=	0.4264705882	0.1323529412	0.0735294118	0.3676470588
=	0.2500000000	0.1911764706	0.2500000000	0.3088235294
=	0.5441176471	0.0735294118	0.0147058824	0.3676470588
=	0.9558823529	0.0147058824	0.0147058824	0.0147058824
=	0.9558823529	0.0147058824	0.0147058824	0.0147058824
=	0.9558823529	0.0147058824	0.0147058824	0.0147058824
=	0.0147058824	0.0147058824	0.9558823529	0.0147058824
=	0.2500000000	0.4264705882	0.0735294118	0.2500000000
=	0.1911764706	0.1911764706	0.5441176471	0.0735294118
=	0.4264705882	0.3088235294	0.1911764706	0.0735294118

> M00361_CDC5_01
=	0.2825000000	0.2425000000	0.3225000000	0.1525000000
=	0.1707920792	0.2599009901	0.5470297030	0.0222772277
=	0.0024752475	0.9133663366	0.0420792079	0.0420792079
=	0.0222772277	0.0222772277	0.0024752475	0.9529702970
=	0.0625000000	0.8525000000	0.0025000000	0.0825000000
=	0.9125000000	0.0225000000	0.0225000000	0.0425000000
=	0.0225000000	0.0025000000	0.9325000000	0.0425000000
=	0.0222772277	0.9232673267	0.0519801980	0.0024752475
=	0.0425000000	0.0425000000	0.9125000000	0.0025000000
=	0.0222772277	0.5470297030	0.2698019802	0.1608910891
=	0.1806930693	0.2301980198	0.4480198020	0.1410891089

> M00366_EMBP1_Q2
=	0.0520833333	0.0104166667	0.7604166667	0.1770833333
=	0.2604166667	0.6770833333	0.0520833333	0.0104166667
=	0.0100000000	0.9700000000	0.0100000000	0.0100000000
=	0.9700000000	0.0100000000	0.0100000000	0.0100000000
=	0.0100000000	0.9300000000	0.0500000000	0.0100000000
=	0.0104166667	0.0520833333	0.9270833333	0.0104166667
=	0.0100000000	0.0100000000	0.0100000000	0.9700000000
=	0.0500000000	0.2100000000	0.6900000000	0.0500000000
=	0.2604166667	0.0104166667	0.3854166667	0.3437500000
=	0.2604166667	0.3854166667	0.2604166667	0.0937500000

> M00367_HBP1A_Q2
=	0.1500000000	0.0833333333	0.6166666667	0.1500000000
=	0.2656250000	0.4531250000	0.0781250000	0.2031250000
=	0.0138888889	0.6250000000	0.2916666667	0.0694444444
=	0.9583333333	0.0138888889	0.0138888889	0.0138888889
=	0.0138888889	0.9583333333	0.0138888889	0.0138888889
=	0.0138888889	0.0138888889	0.9583333333	0.0138888889
=	0.0138888889	0.0138888889	0.0138888889	0.9583333333
=	0.0147058824	0.2500000000	0.7205882353	0.0147058824
=	0.2166666667	0.0166666667	0.5500000000	0.2166666667
=	0.1607142857	0.7321428571	0.0892857143	0.0178571429

> M00368_CPRF_Q2
=	0.0312500000	0.0312500000	0.5312500000	0.4062500000
=	0.4062500000	0.5312500000	0.0312500000	0.0312500000
=	0.0277777778	0.9166666667	0.0277777778	0.0277777778
=	0.9166666667	0.0277777778	0.0277777778	0.0277777778
=	0.0277777778	0.9166666667	0.0277777778	0.0277777778
=	0.0277777778	0.0277777778	0.9166666667	0.0277777778
=	0.0277777778	0.0277777778	0.0277777778	0.9166666667
=	0.0277777778	0.0277777778	0.9166666667	0.0277777778
=	0.0312500000	0.0312500000	0.5312500000	0.4062500000
=	0.2812500000	0.5312500000	0.0312500000	0.1562500000

> M00369_TAF1_Q2
=	0.2031250000	0.1406250000	0.5156250000	0.1406250000
=	0.2031250000	0.5156250000	0.0781250000	0.2031250000
=	0.0694444444	0.6250000000	0.2361111111	0.0694444444
=	0.9583333333	0.0138888889	0.0138888889	0.0138888889
=	0.0138888889	0.9583333333	0.0138888889	0.0138888889
=	0.0138888889	0.0138888889	0.9583333333	0.0138888889
=	0.0138888889	0.0138888889	0.0138888889	0.9583333333
=	0.0138888889	0.2916666667	0.6805555556	0.0138888889
=	0.2656250000	0.0156250000	0.5156250000	0.2031250000
=	0.1406250000	0.5156250000	0.1406250000	0.2031250000

> M00370_CPRF3_Q2
=	0.1388888889	0.1388888889	0.4722222222	0.2500000000
=	0.2500000000	0.3611111111	0.0277777778	0.3611111111
=	0.0227272727	0.5681818182	0.3863636364	0.0227272727
=	0.9318181818	0.0227272727	0.0227272727	0.0227272727
=	0.0227272727	0.9318181818	0.0227272727	0.0227272727
=	0.0227272727	0.0227272727	0.9318181818	0.0227272727
=	0.0227272727	0.0227272727	0.0227272727	0.9318181818
=	0.0227272727	0.3863636364	0.5681818182	0.0227272727
=	0.3611111111	0.0277777778	0.3611111111	0.2500000000
=	0.2500000000	0.4722222222	0.1388888889	0.1388888889

> M00371_CPRF2_Q2
=	0.1875000000	0.2708333333	0.3541666667	0.1875000000
=	0.2708333333	0.3541666667	0.0208333333	0.3541666667
=	0.0166666667	0.6166666667	0.2833333333	0.0833333333
=	0.9500000000	0.0166666667	0.0166666667	0.0166666667
=	0.0166666667	0.9500000000	0.0166666667	0.0166666667
=	0.0166666667	0.0166666667	0.9500000000	0.0166666667
=	0.0166666667	0.0166666667	0.0166666667	0.9500000000
=	0.0833333333	0.2833333333	0.6166666667	0.0166666667
=	0.3541666667	0.0208333333	0.3541666667	0.2708333333
=	0.1875000000	0.3541666667	0.2708333333	0.1875000000

> M00375_TGA1B_Q2
=	0.1388888889	0.2500000000	0.5833333333	0.0277777778
=	0.2500000000	0.3611111111	0.0277777778	0.3611111111
=	0.0227272727	0.4772727273	0.3863636364	0.1136363636
=	0.9318181818	0.0227272727	0.0227272727	0.0227272727
=	0.0227272727	0.9318181818	0.0227272727	0.0227272727
=	0.0227272727	0.0227272727	0.9318181818	0.0227272727
=	0.0227272727	0.0227272727	0.0227272727	0.9318181818
=	0.1136363636	0.4772727273	0.3863636364	0.0227272727
=	0.5833333333	0.0277777778	0.2500000000	0.1388888889
=	0.0277777778	0.5833333333	0.2500000000	0.1388888889

> M00376_TGA1A_Q2
=	0.1710526316	0.4342105263	0.2763157895	0.1184210526
=	0.2763157895	0.2236842105	0.1184210526	0.3815789474
=	0.0657894737	0.4868421053	0.3289473684	0.1184210526
=	0.9605263158	0.0131578947	0.0131578947	0.0131578947
=	0.0131578947	0.9605263158	0.0131578947	0.0131578947
=	0.0131578947	0.0131578947	0.9605263158	0.0131578947
=	0.0131578947	0.0131578947	0.0131578947	0.9605263158
=	0.1184210526	0.3815789474	0.4342105263	0.0657894737
=	0.4868421053	0.1184210526	0.1710526316	0.2236842105
=	0.1184210526	0.2763157895	0.4342105263	0.1710526316

> M00392_AGL3_01
=	0.2317708333	0.3046875000	0.3567708333	0.1067708333
=	0.1692708333	0.0963541667	0.3046875000	0.4296875000
=	0.2630208333	0.0859375000	0.0442708333	0.6067708333
=	0.2838541667	0.1692708333	0.1380208333	0.4088541667
=	0.0026041667	0.9609375000	0.0026041667	0.0338541667
=	0.0026041667	0.8255208333	0.0026041667	0.1692708333
=	0.8567708333	0.0130208333	0.0234375000	0.1067708333
=	0.4192708333	0.0442708333	0.0338541667	0.5026041667
=	0.5859375000	0.0026041667	0.0130208333	0.3984375000
=	0.3671875000	0.0026041667	0.0026041667	0.6276041667
=	0.6796875000	0.0130208333	0.0442708333	0.2630208333
=	0.2630208333	0.0442708333	0.0338541667	0.6588541667
=	0.6692708333	0.0026041667	0.2942708333	0.0338541667
=	0.0026041667	0.0026041667	0.9609375000	0.0338541667
=	0.3463541667	0.1484375000	0.1588541667	0.3463541667
=	0.5442708333	0.0546875000	0.0755208333	0.3255208333
=	0.4713541667	0.2421875000	0.1380208333	0.1484375000
=	0.2213541667	0.2526041667	0.2734375000	0.2526041667

> M00393_AGL3_02
=	0.4244186047	0.2616279070	0.1453488372	0.1686046512
=	0.1918604651	0.1220930233	0.1918604651	0.4941860465
=	0.1220930233	0.1220930233	0.0755813953	0.6802325581
=	0.3313953488	0.2151162791	0.1453488372	0.3081395349
=	0.0523255814	0.9360465116	0.0058139535	0.0058139535
=	0.0058139535	0.8430232558	0.0058139535	0.1453488372
=	0.7965116279	0.0290697674	0.0058139535	0.1686046512
=	0.4244186047	0.0523255814	0.0755813953	0.4476744186
=	0.6569767442	0.0058139535	0.0058139535	0.3313953488
=	0.4476744186	0.0058139535	0.0058139535	0.5406976744
=	0.6569767442	0.0290697674	0.0290697674	0.2848837209
=	0.0755813953	0.0755813953	0.0058139535	0.8430232558
=	0.6802325581	0.0058139535	0.2616279070	0.0523255814
=	0.0058139535	0.0058139535	0.9360465116	0.0523255814
=	0.2848837209	0.2151162791	0.0523255814	0.4476744186
=	0.5872093023	0.0523255814	0.1453488372	0.2151162791
=	0.5406976744	0.1453488372	0.1686046512	0.1453488372
=	0.2151162791	0.1918604651	0.2383720930	0.3546511628

> M00399_ABF1_01
=	0.0156250000	0.1406250000	0.7656250000	0.0781250000
=	0.2361111111	0.1805555556	0.0138888889	0.5694444444
=	0.1547619048	0.5357142857	0.2023809524	0.1071428571
=	0.0119047619	0.2023809524	0.5833333333	0.2023809524
=	0.3281250000	0.2031250000	0.2031250000	0.2656250000
=	0.2031250000	0.2656250000	0.3281250000	0.2031250000
=	0.1125000000	0.1625000000	0.6125000000	0.1125000000
=	0.0119047619	0.0119047619	0.7261904762	0.2500000000
=	0.1406250000	0.0156250000	0.7656250000	0.0781250000
=	0.9642857143	0.0119047619	0.0119047619	0.0119047619
=	0.0119047619	0.9642857143	0.0119047619	0.0119047619
=	0.9642857143	0.0119047619	0.0119047619	0.0119047619
=	0.0119047619	0.9642857143	0.0119047619	0.0119047619
=	0.0119047619	0.0119047619	0.9642857143	0.0119047619
=	0.0119047619	0.0119047619	0.0119047619	0.9642857143
=	0.0119047619	0.0119047619	0.9642857143	0.0119047619
=	0.0119047619	0.0119047619	0.8214285714	0.1547619048
=	0.0595238095	0.9166666667	0.0119047619	0.0119047619
=	0.3815789474	0.2236842105	0.2236842105	0.1710526316
=	0.1547619048	0.5833333333	0.1547619048	0.1071428571
=	0.1710526316	0.0657894737	0.6447368421	0.1184210526
=	0.6125000000	0.2125000000	0.0625000000	0.1125000000
=	0.2125000000	0.4625000000	0.2625000000	0.0625000000
=	0.3815789474	0.2236842105	0.3289473684	0.0657894737

> M00400_ABF1_02
=	0.2500000000	0.4038461538	0.0961538462	0.2500000000
=	0.2500000000	0.2500000000	0.1730769231	0.3269230769
=	0.1607142857	0.0892857143	0.4464285714	0.3035714286
=	0.0357142857	0.8928571429	0.0357142857	0.0357142857
=	0.3035714286	0.1607142857	0.4464285714	0.0892857143
=	0.0892857143	0.3035714286	0.2321428571	0.3750000000
=	0.0500000000	0.4500000000	0.0500000000	0.4500000000
=	0.0192307692	0.2500000000	0.4807692308	0.2500000000
=	0.2321428571	0.0892857143	0.5178571429	0.1607142857
=	0.0178571429	0.9464285714	0.0178571429	0.0178571429
=	0.0178571429	0.9464285714	0.0178571429	0.0178571429
=	0.9464285714	0.0178571429	0.0178571429	0.0178571429
=	0.0178571429	0.9464285714	0.0178571429	0.0178571429
=	0.0178571429	0.0178571429	0.9464285714	0.0178571429
=	0.0178571429	0.0178571429	0.0178571429	0.9464285714
=	0.0178571429	0.0178571429	0.9464285714	0.0178571429
=	0.0178571429	0.0178571429	0.9464285714	0.0178571429
=	0.0416666667	0.8750000000	0.0416666667	0.0416666667
=	0.1875000000	0.6875000000	0.0208333333	0.1041666667
=	0.3269230769	0.3269230769	0.2500000000	0.0961538462
=	0.1607142857	0.7321428571	0.0892857143	0.0178571429
=	0.1041666667	0.1041666667	0.7708333333	0.0208333333
=	0.7321428571	0.1607142857	0.0892857143	0.0178571429
=	0.0178571429	0.8750000000	0.0892857143	0.0178571429
=	0.7321428571	0.0178571429	0.2321428571	0.0178571429

> M00401_ABF1_03
=	0.0312500000	0.2812500000	0.6562500000	0.0312500000
=	0.0277777778	0.1388888889	0.1388888889	0.6944444444
=	0.0277777778	0.6944444444	0.2500000000	0.0277777778
=	0.0277777778	0.1388888889	0.4722222222	0.3611111111
=	0.1388888889	0.2500000000	0.4722222222	0.1388888889
=	0.0277777778	0.3611111111	0.2500000000	0.3611111111
=	0.0277777778	0.1388888889	0.2500000000	0.5833333333
=	0.0250000000	0.2250000000	0.2250000000	0.5250000000
=	0.0250000000	0.2250000000	0.7250000000	0.0250000000
=	0.3250000000	0.3250000000	0.2250000000	0.1250000000
=	0.0250000000	0.1250000000	0.0250000000	0.8250000000
=	0.0250000000	0.0250000000	0.8250000000	0.1250000000
=	0.9250000000	0.0250000000	0.0250000000	0.0250000000
=	0.0250000000	0.9250000000	0.0250000000	0.0250000000
=	0.0250000000	0.0250000000	0.9250000000	0.0250000000
=	0.0250000000	0.0250000000	0.0250000000	0.9250000000
=	0.0250000000	0.0250000000	0.9250000000	0.0250000000
=	0.0250000000	0.0250000000	0.7250000000	0.2250000000
=	0.0250000000	0.9250000000	0.0250000000	0.0250000000
=	0.4250000000	0.4250000000	0.1250000000	0.0250000000
=	0.3250000000	0.4250000000	0.2250000000	0.0250000000
=	0.1250000000	0.5250000000	0.2250000000	0.1250000000
=	0.2250000000	0.0250000000	0.6250000000	0.1250000000
=	0.5250000000	0.1250000000	0.2250000000	0.1250000000
=	0.0250000000	0.2250000000	0.7250000000	0.0250000000
=	0.4722222222	0.0277777778	0.4722222222	0.0277777778
=	0.1562500000	0.6562500000	0.1562500000	0.0312500000

> M00404_MADSB_Q2
=	0.2812500000	0.0312500000	0.1562500000	0.5312500000
=	0.4062500000	0.2812500000	0.0312500000	0.2812500000
=	0.2812500000	0.6562500000	0.0312500000	0.0312500000
=	0.0312500000	0.4062500000	0.1562500000	0.4062500000
=	0.9062500000	0.0312500000	0.0312500000	0.0312500000
=	0.6562500000	0.0312500000	0.0312500000	0.2812500000
=	0.9062500000	0.0312500000	0.0312500000	0.0312500000
=	0.7812500000	0.0312500000	0.0312500000	0.1562500000
=	0.9062500000	0.0312500000	0.0312500000	0.0312500000
=	0.0312500000	0.0312500000	0.1562500000	0.7812500000
=	0.0312500000	0.0312500000	0.7812500000	0.1562500000
=	0.1562500000	0.2812500000	0.5312500000	0.0312500000
=	0.6071428571	0.3214285714	0.0357142857	0.0357142857
=	0.7500000000	0.0357142857	0.0357142857	0.1785714286
=	0.6071428571	0.0357142857	0.1785714286	0.1785714286

> M00408_MADSA_Q2
=	0.6500000000	0.0500000000	0.0500000000	0.2500000000
=	0.2500000000	0.0500000000	0.2500000000	0.4500000000
=	0.4500000000	0.0500000000	0.0500000000	0.4500000000
=	0.2500000000	0.4500000000	0.0500000000	0.2500000000
=	0.0500000000	0.4500000000	0.2500000000	0.2500000000
=	0.6500000000	0.0500000000	0.2500000000	0.0500000000
=	0.8500000000	0.0500000000	0.0500000000	0.0500000000
=	0.8500000000	0.0500000000	0.0500000000	0.0500000000
=	0.8500000000	0.0500000000	0.0500000000	0.0500000000
=	0.8500000000	0.0500000000	0.0500000000	0.0500000000
=	0.0500000000	0.0500000000	0.0500000000	0.8500000000
=	0.0500000000	0.0500000000	0.8500000000	0.0500000000
=	0.0500000000	0.2500000000	0.6500000000	0.0500000000
=	0.8125000000	0.0625000000	0.0625000000	0.0625000000
=	0.8125000000	0.0625000000	0.0625000000	0.0625000000
=	0.5625000000	0.0625000000	0.0625000000	0.3125000000

> M00417_ATHB9_01
=	0.4250000000	0.2250000000	0.1250000000	0.2250000000
=	0.3500000000	0.2166666667	0.2166666667	0.2166666667
=	0.3088235294	0.2500000000	0.1323529412	0.3088235294
=	0.1710526316	0.4342105263	0.1184210526	0.2763157895
=	0.0092592593	0.0462962963	0.9351851852	0.0092592593
=	0.0092592593	0.2314814815	0.0092592593	0.7500000000
=	0.9351851852	0.0092592593	0.0462962963	0.0092592593
=	0.9722222222	0.0092592593	0.0092592593	0.0092592593
=	0.0092592593	0.0092592593	0.0092592593	0.9722222222
=	0.0092592593	0.0092592593	0.9722222222	0.0092592593
=	0.9722222222	0.0092592593	0.0092592593	0.0092592593
=	0.0092592593	0.0092592593	0.0092592593	0.9722222222
=	0.0092592593	0.0092592593	0.1203703704	0.8611111111
=	0.6388888889	0.0092592593	0.3425925926	0.0092592593
=	0.0092592593	0.9351851852	0.0462962963	0.0092592593
=	0.2916666667	0.0694444444	0.2361111111	0.4027777778
=	0.1730769231	0.4807692308	0.0192307692	0.3269230769
=	0.0227272727	0.2954545455	0.3863636364	0.2954545455
=	0.0277777778	0.5833333333	0.3611111111	0.0277777778

> M00434_PIF3_01
=	0.0803571429	0.1875000000	0.5446428571	0.1875000000
=	0.1875000000	0.0446428571	0.3660714286	0.4017857143
=	0.4017857143	0.0803571429	0.4375000000	0.0803571429
=	0.2232142857	0.0089285714	0.6160714286	0.1517857143
=	0.1875000000	0.1160714286	0.6160714286	0.0803571429
=	0.4017857143	0.4017857143	0.1875000000	0.0089285714
=	0.0089285714	0.9732142857	0.0089285714	0.0089285714
=	0.9732142857	0.0089285714	0.0089285714	0.0089285714
=	0.0089285714	0.9732142857	0.0089285714	0.0089285714
=	0.0089285714	0.0089285714	0.9732142857	0.0089285714
=	0.0089285714	0.0089285714	0.0089285714	0.9732142857
=	0.0089285714	0.0089285714	0.9732142857	0.0089285714
=	0.4017857143	0.0803571429	0.4732142857	0.0446428571
=	0.3303571429	0.4375000000	0.2232142857	0.0089285714
=	0.1160714286	0.3303571429	0.4732142857	0.0803571429
=	0.4017857143	0.2232142857	0.0089285714	0.3660714286
=	0.1517857143	0.6875000000	0.1517857143	0.0089285714
=	0.1517857143	0.0803571429	0.3303571429	0.4375000000

> M00435_PIF3_02
=	0.4621212121	0.0681818182	0.2803030303	0.1893939394
=	0.2803030303	0.1287878788	0.3106060606	0.2803030303
=	0.3106060606	0.0681818182	0.4015151515	0.2196969697
=	0.2500000000	0.3409090909	0.4015151515	0.0075757576
=	0.0378787879	0.7954545455	0.1590909091	0.0075757576
=	0.0075757576	0.9772727273	0.0075757576	0.0075757576
=	0.9772727273	0.0075757576	0.0075757576	0.0075757576
=	0.0075757576	0.9772727273	0.0075757576	0.0075757576
=	0.0075757576	0.0075757576	0.9772727273	0.0075757576
=	0.0075757576	0.0075757576	0.0075757576	0.9772727273
=	0.0075757576	0.0075757576	0.9772727273	0.0075757576
=	0.0075757576	0.0075757576	0.9772727273	0.0075757576
=	0.2803030303	0.3106060606	0.3409090909	0.0681818182
=	0.4621212121	0.4621212121	0.0075757576	0.0681818182
=	0.3409090909	0.4015151515	0.2500000000	0.0075757576
=	0.2196969697	0.2500000000	0.3409090909	0.1893939394
=	0.1287878788	0.3409090909	0.1893939394	0.3409090909

> M00438_ARF_Q2
=	0.0416666667	0.5416666667	0.0416666667	0.3750000000
=	0.0357142857	0.0357142857	0.1785714286	0.7500000000
=	0.0357142857	0.0357142857	0.0357142857	0.8928571429
=	0.0357142857	0.0357142857	0.8928571429	0.0357142857
=	0.0357142857	0.0357142857	0.0357142857	0.8928571429
=	0.0357142857	0.8928571429	0.0357142857	0.0357142857
=	0.1785714286	0.1785714286	0.0357142857	0.6071428571
=	0.0357142857	0.8928571429	0.0357142857	0.0357142857

> M00439_C1_Q2
=	0.0892857143	0.5178571429	0.0892857143	0.3035714286
=	0.1607142857	0.3750000000	0.1607142857	0.3035714286
=	0.9500000000	0.0166666667	0.0166666667	0.0166666667
=	0.8833333333	0.0166666667	0.0166666667	0.0833333333
=	0.0166666667	0.8833333333	0.0833333333	0.0166666667
=	0.1500000000	0.3500000000	0.0833333333	0.4166666667
=	0.5178571429	0.1607142857	0.1607142857	0.1607142857
=	0.1607142857	0.4464285714	0.0892857143	0.3035714286
=	0.1607142857	0.5178571429	0.1607142857	0.1607142857
=	0.3035714286	0.3035714286	0.2321428571	0.1607142857
=	0.1607142857	0.3035714286	0.4464285714	0.0892857143

> M00440_CG1_Q6
=	0.0500000000	0.0500000000	0.4500000000	0.4500000000
=	0.2500000000	0.4500000000	0.0500000000	0.2500000000
=	0.0500000000	0.8500000000	0.0500000000	0.0500000000
=	0.8500000000	0.0500000000	0.0500000000	0.0500000000
=	0.0500000000	0.8500000000	0.0500000000	0.0500000000
=	0.0500000000	0.0500000000	0.8500000000	0.0500000000
=	0.0500000000	0.0500000000	0.0500000000	0.8500000000
=	0.0500000000	0.0500000000	0.8500000000	0.0500000000
=	0.2500000000	0.2500000000	0.4500000000	0.0500000000
=	0.0500000000	0.8500000000	0.0500000000	0.0500000000
=	0.5625000000	0.3125000000	0.0625000000	0.0625000000

> M00441_GBF_Q2
=	0.0312500000	0.0312500000	0.2812500000	0.6562500000
=	0.0277777778	0.0277777778	0.5833333333	0.3611111111
=	0.2250000000	0.6250000000	0.0250000000	0.1250000000
=	0.0250000000	0.8250000000	0.1250000000	0.0250000000
=	0.9250000000	0.0250000000	0.0250000000	0.0250000000
=	0.0250000000	0.9250000000	0.0250000000	0.0250000000
=	0.0250000000	0.0250000000	0.9250000000	0.0250000000
=	0.0250000000	0.0250000000	0.0250000000	0.9250000000
=	0.0250000000	0.2250000000	0.7250000000	0.0250000000
=	0.1250000000	0.0250000000	0.6250000000	0.2250000000
=	0.1388888889	0.8055555556	0.0277777778	0.0277777778
=	0.5312500000	0.4062500000	0.0312500000	0.0312500000

> M00442_ABF_Q2
=	0.1542553191	0.2393617021	0.3457446809	0.2606382979
=	0.0677083333	0.2552083333	0.4218750000	0.2552083333
=	0.0050000000	0.1650000000	0.6450000000	0.1850000000
=	0.1650000000	0.1050000000	0.6050000000	0.1250000000
=	0.4650000000	0.3250000000	0.0050000000	0.2050000000
=	0.0050000000	0.7650000000	0.2050000000	0.0250000000
=	0.9450000000	0.0050000000	0.0450000000	0.0050000000
=	0.0250000000	0.9650000000	0.0050000000	0.0050000000
=	0.0050000000	0.0050000000	0.9850000000	0.0050000000
=	0.0050000000	0.0050000000	0.0050000000	0.9850000000
=	0.0050000000	0.0050000000	0.9850000000	0.0050000000
=	0.0050000000	0.0050000000	0.8650000000	0.1250000000
=	0.0450000000	0.9450000000	0.0050000000	0.0050000000
=	0.3802083333	0.3593750000	0.1718750000	0.0885416667
=	0.1718750000	0.5052083333	0.2343750000	0.0885416667
=	0.2343750000	0.2135416667	0.4635416667	0.0885416667
=	0.4734042553	0.2393617021	0.2180851064	0.0691489362

> M00479_ALFIN1_Q2
=	0.3863636364	0.0227272727	0.3863636364	0.2045454545
=	0.4772727273	0.1136363636	0.2954545455	0.1136363636
=	0.4772727273	0.1136363636	0.3863636364	0.0227272727
=	0.1730769231	0.1730769231	0.4807692308	0.1730769231
=	0.4038461538	0.1730769231	0.4038461538	0.0192307692
=	0.1730769231	0.1730769231	0.4807692308	0.1730769231
=	0.0178571429	0.0178571429	0.9464285714	0.0178571429
=	0.0178571429	0.0178571429	0.0178571429	0.9464285714
=	0.0178571429	0.0178571429	0.9464285714	0.0178571429
=	0.0892857143	0.0892857143	0.5892857143	0.2321428571
=	0.0892857143	0.0892857143	0.5892857143	0.2321428571
=	0.0892857143	0.0892857143	0.7321428571	0.0892857143
=	0.2500000000	0.3269230769	0.2500000000	0.1730769231
=	0.2045454545	0.2954545455	0.2045454545	0.2954545455
=	0.1250000000	0.0250000000	0.5250000000	0.3250000000

> M00501_ANT_01
=	0.0075757576	0.9166666667	0.0075757576	0.0681818182
=	0.8560606061	0.0378787879	0.0681818182	0.0378787879
=	0.0075757576	0.9772727273	0.0075757576	0.0075757576
=	0.6439393939	0.0378787879	0.3106060606	0.0075757576
=	0.2642857143	0.1500000000	0.4357142857	0.1500000000
=	0.4642857143	0.0357142857	0.0357142857	0.4642857143
=	0.0071428571	0.0642857143	0.0357142857	0.8928571429
=	0.1500000000	0.6928571429	0.0071428571	0.1500000000
=	0.0071428571	0.9785714286	0.0071428571	0.0071428571
=	0.0073529412	0.9485294118	0.0073529412	0.0367647059
=	0.3020833333	0.0520833333	0.5520833333	0.0937500000
=	0.9239130435	0.0108695652	0.0108695652	0.0543478261
=	0.1413043478	0.0108695652	0.4456521739	0.4021739130
=	0.0978260870	0.0108695652	0.8804347826	0.0108695652

> M00502_TEIL_01
=	0.7982954545	0.0710227273	0.0710227273	0.0596590909
=	0.0142045455	0.2414772727	0.0028409091	0.7414772727
=	0.0028409091	0.0142045455	0.9801136364	0.0028409091
=	0.3551136364	0.1392045455	0.0369318182	0.4687500000
=	0.9801136364	0.0028409091	0.0142045455	0.0028409091
=	0.0142045455	0.5596590909	0.0255681818	0.4005681818
=	0.0596590909	0.6960227273	0.1505681818	0.0937500000
=	0.0369318182	0.0937500000	0.0482954545	0.8210227273

> M00503_ATHB5_01
=	0.0312500000	0.7812500000	0.1062500000	0.0812500000
=	0.7812500000	0.1562500000	0.0062500000	0.0562500000
=	0.9312500000	0.0062500000	0.0062500000	0.0562500000
=	0.0312500000	0.0062500000	0.0062500000	0.9562500000
=	0.0562500000	0.1812500000	0.2062500000	0.5562500000
=	0.9312500000	0.0062500000	0.0062500000	0.0562500000
=	0.0062500000	0.0062500000	0.0312500000	0.9562500000
=	0.0064102564	0.0064102564	0.0320512821	0.9551282051
=	0.0357142857	0.0357142857	0.7500000000	0.1785714286

> M00506_LIM1_01
=	0.0595238095	0.8214285714	0.0119047619	0.1071428571
=	0.1071428571	0.7261904762	0.0595238095	0.1071428571
=	0.6785714286	0.0595238095	0.0595238095	0.2023809524
=	0.1547619048	0.7261904762	0.0595238095	0.0595238095
=	0.2500000000	0.4880952381	0.1547619048	0.1071428571
=	0.6785714286	0.0119047619	0.0119047619	0.2976190476
=	0.3928571429	0.2500000000	0.1547619048	0.2023809524
=	0.4880952381	0.2976190476	0.1071428571	0.1071428571
=	0.2023809524	0.3928571429	0.1547619048	0.2500000000
=	0.2023809524	0.4404761905	0.0595238095	0.2976190476
=	0.2500000000	0.5357142857	0.1071428571	0.1071428571
=	0.1071428571	0.2976190476	0.2500000000	0.3452380952

> M00507_TRAB1_Q2
=	0.1785714286	0.1785714286	0.4642857143	0.1785714286
=	0.0357142857	0.1785714286	0.4642857143	0.3214285714
=	0.7500000000	0.1785714286	0.0357142857	0.0357142857
=	0.0357142857	0.8928571429	0.0357142857	0.0357142857
=	0.0357142857	0.0357142857	0.8928571429	0.0357142857
=	0.0357142857	0.4642857143	0.0357142857	0.4642857143
=	0.0357142857	0.0357142857	0.8928571429	0.0357142857
=	0.0357142857	0.1785714286	0.1785714286	0.6071428571
=	0.0357142857	0.3214285714	0.6071428571	0.0357142857
=	0.0416666667	0.2083333333	0.5416666667	0.2083333333
=	0.0416666667	0.8750000000	0.0416666667	0.0416666667

> M00635_GT1_Q6
=	0.0156250000	0.0781250000	0.8906250000	0.0156250000
=	0.0156250000	0.0156250000	0.0156250000	0.9531250000
=	0.3906250000	0.0781250000	0.3906250000	0.1406250000
=	0.5781250000	0.0156250000	0.2031250000	0.2031250000
=	0.7031250000	0.0156250000	0.0156250000	0.2656250000
=	0.3906250000	0.0156250000	0.0156250000	0.5781250000
=	0.8906250000	0.0156250000	0.0781250000	0.0156250000

> M00653_OCSBF1_01
=	0.0312500000	0.6562500000	0.2812500000	0.0312500000
=	0.9062500000	0.0312500000	0.0312500000	0.0312500000
=	0.0312500000	0.9062500000	0.0312500000	0.0312500000
=	0.0312500000	0.0312500000	0.9062500000	0.0312500000
=	0.0312500000	0.0312500000	0.0312500000	0.9062500000

> M00654_OSBZ8_Q6
=	0.7500000000	0.1785714286	0.0357142857	0.0357142857
=	0.0357142857	0.8928571429	0.0357142857	0.0357142857
=	0.1785714286	0.0357142857	0.7500000000	0.0357142857
=	0.0357142857	0.3214285714	0.0357142857	0.6071428571
=	0.0357142857	0.1785714286	0.7500000000	0.0357142857
=	0.0357142857	0.0357142857	0.3214285714	0.6071428571
=	0.0357142857	0.8928571429	0.0357142857	0.0357142857
=	0.3214285714	0.0357142857	0.6071428571	0.0357142857
=	0.1785714286	0.6071428571	0.0357142857	0.1785714286
=	0.0357142857	0.4642857143	0.3214285714	0.1785714286
=	0.6071428571	0.3214285714	0.0357142857	0.0357142857
=	0.1785714286	0.1785714286	0.3214285714	0.3214285714
=	0.3214285714	0.1785714286	0.0357142857	0.4642857143
=	0.0357142857	0.6071428571	0.3214285714	0.0357142857

> M00660_RITA1_01
=	0.1710526316	0.3815789474	0.0131578947	0.4342105263
=	0.0131578947	0.5394736842	0.3289473684	0.1184210526
=	0.9605263158	0.0131578947	0.0131578947	0.0131578947
=	0.0131578947	0.9605263158	0.0131578947	0.0131578947
=	0.0131578947	0.0131578947	0.9605263158	0.0131578947
=	0.0131578947	0.0131578947	0.0131578947	0.9605263158
=	0.3289473684	0.1710526316	0.4868421053	0.0131578947

> M00681_WRKY_Q2
=	0.0416666667	0.2083333333	0.0416666667	0.7083333333
=	0.0416666667	0.0416666667	0.2083333333	0.7083333333
=	0.7083333333	0.0416666667	0.0416666667	0.2083333333
=	0.0416666667	0.3750000000	0.0416666667	0.5416666667
=	0.0416666667	0.0416666667	0.0416666667	0.8750000000
=	0.0416666667	0.5416666667	0.0416666667	0.3750000000
=	0.5416666667	0.0416666667	0.3750000000	0.0416666667
=	0.0416666667	0.0416666667	0.8750000000	0.0416666667
=	0.0416666667	0.2083333333	0.0416666667	0.7083333333
=	0.0416666667	0.8750000000	0.0416666667	0.0416666667
=	0.8750000000	0.0416666667	0.0416666667	0.0416666667

> M00697_HBP1B_Q6
=	0.2500000000	0.1388888889	0.1388888889	0.4722222222
=	0.0277777778	0.0277777778	0.3611111111	0.5833333333
=	0.1388888889	0.5833333333	0.0277777778	0.2500000000
=	0.1388888889	0.1388888889	0.3611111111	0.3611111111
=	0.0277777778	0.2500000000	0.6944444444	0.0277777778
=	0.2500000000	0.3611111111	0.0277777778	0.3611111111
=	0.0277777778	0.5833333333	0.0277777778	0.3611111111
=	0.8055555556	0.0277777778	0.1388888889	0.0277777778
=	0.0277777778	0.9166666667	0.0277777778	0.0277777778
=	0.0277777778	0.0277777778	0.9166666667	0.0277777778
=	0.0277777778	0.1388888889	0.0277777778	0.8055555556
=	0.0277777778	0.9166666667	0.0277777778	0.0277777778
=	0.9166666667	0.0277777778	0.0277777778	0.0277777778
=	0.0277777778	0.4722222222	0.2500000000	0.2500000000

> M00700_ROM_Q2
=	0.0416666667	0.2083333333	0.7083333333	0.0416666667
=	0.2083333333	0.7083333333	0.0416666667	0.0416666667
=	0.0416666667	0.8750000000	0.0416666667	0.0416666667
=	0.8750000000	0.0416666667	0.0416666667	0.0416666667
=	0.0416666667	0.8750000000	0.0416666667	0.0416666667
=	0.0416666667	0.5416666667	0.3750000000	0.0416666667
=	0.0416666667	0.0416666667	0.0416666667	0.8750000000
=	0.0416666667	0.8750000000	0.0416666667	0.0416666667
=	0.8750000000	0.0416666667	0.0416666667	0.0416666667

> M00702_SPF1_Q2
=	0.5312500000	0.0312500000	0.0312500000	0.4062500000
=	0.5312500000	0.4062500000	0.0312500000	0.0312500000
=	0.9062500000	0.0312500000	0.0312500000	0.0312500000
=	0.0312500000	0.2812500000	0.0312500000	0.6562500000
=	0.9062500000	0.0312500000	0.0312500000	0.0312500000
=	0.0312500000	0.0312500000	0.9062500000	0.0312500000
=	0.0312500000	0.0312500000	0.0312500000	0.9062500000
=	0.6562500000	0.1562500000	0.1562500000	0.0312500000
=	0.4062500000	0.0312500000	0.1562500000	0.4062500000
=	0.4062500000	0.0312500000	0.0312500000	0.5312500000

> M00735_ZAP1_01
=	0.0235849057	0.0047169811	0.0235849057	0.9481132075
=	0.0235849057	0.0047169811	0.0047169811	0.9669811321
=	0.0235849057	0.0047169811	0.9669811321	0.0047169811
=	0.9481132075	0.0235849057	0.0235849057	0.0047169811
=	0.0424528302	0.9481132075	0.0047169811	0.0047169811
=	0.0235849057	0.8915094340	0.0424528302	0.0424528302
=	0.0801886792	0.0990566038	0.7594339623	0.0613207547
=	0.6273584906	0.2311320755	0.0801886792	0.0613207547
=	0.0424528302	0.1556603774	0.7028301887	0.0990566038
=	0.0424528302	0.5330188679	0.1367924528	0.2877358491

> M00788_EMBP1_02
=	0.3269230769	0.0961538462	0.1730769231	0.4038461538
=	0.6346153846	0.0192307692	0.0192307692	0.3269230769
=	0.0178571429	0.5892857143	0.2321428571	0.1607142857
=	0.9464285714	0.0178571429	0.0178571429	0.0178571429
=	0.0178571429	0.9464285714	0.0178571429	0.0178571429
=	0.0178571429	0.0178571429	0.9464285714	0.0178571429
=	0.0178571429	0.0178571429	0.0178571429	0.9464285714
=	0.0178571429	0.0178571429	0.9464285714	0.0178571429
=	0.0500000000	0.0500000000	0.8500000000	0.0500000000
=	0.6500000000	0.0500000000	0.0500000000	0.2500000000

> M00819_KNOX3_01
=	0.0855263158	0.3223684211	0.2960526316	0.2960526316
=	0.3750000000	0.2960526316	0.2434210526	0.0855263158
=	0.1381578947	0.3223684211	0.1907894737	0.3486842105
=	0.1118421053	0.3750000000	0.4276315789	0.0855263158
=	0.0065789474	0.0855263158	0.0328947368	0.8750000000
=	0.0328947368	0.0328947368	0.9276315789	0.0065789474
=	0.9802631579	0.0065789474	0.0065789474	0.0065789474
=	0.0328947368	0.9276315789	0.0065789474	0.0328947368
=	0.4013157895	0.2171052632	0.3486842105	0.0328947368
=	0.1118421053	0.2171052632	0.4802631579	0.1907894737
=	0.2434210526	0.1644736842	0.3486842105	0.2434210526
=	0.2171052632	0.1118421053	0.2697368421	0.4013157895

> M00936_HBPA1_Q6_01
=	0.0312500000	0.2812500000	0.6562500000	0.0312500000
=	0.2812500000	0.4062500000	0.0312500000	0.2812500000
=	0.0312500000	0.6562500000	0.0312500000	0.2812500000
=	0.7812500000	0.0312500000	0.1562500000	0.0312500000
=	0.0312500000	0.9062500000	0.0312500000	0.0312500000
=	0.0312500000	0.0312500000	0.9062500000	0.0312500000
=	0.0312500000	0.1562500000	0.0312500000	0.7812500000
=	0.0312500000	0.9062500000	0.0312500000	0.0312500000
=	0.9062500000	0.0312500000	0.0312500000	0.0312500000
=	0.0312500000	0.5312500000	0.2812500000	0.1562500000

> M00937_TGA1A_Q2_01
=	0.1388888889	0.0277777778	0.2500000000	0.5833333333
=	0.1388888889	0.1388888889	0.2500000000	0.4722222222
=	0.2500000000	0.0277777778	0.5833333333	0.1388888889
=	0.6944444444	0.0277777778	0.1388888889	0.1388888889
=	0.2500000000	0.0277777778	0.0277777778	0.6944444444
=	0.1388888889	0.0277777778	0.8055555556	0.0277777778
=	0.9166666667	0.0277777778	0.0277777778	0.0277777778
=	0.0277777778	0.8055555556	0.0277777778	0.1388888889
=	0.2500000000	0.0277777778	0.3611111111	0.3611111111
=	0.1388888889	0.2500000000	0.0277777778	0.5833333333
=	0.4722222222	0.1388888889	0.2500000000	0.1388888889
=	0.2500000000	0.2500000000	0.1388888889	0.3611111111
=	0.2500000000	0.2500000000	0.2500000000	0.2500000000
=	0.3611111111	0.3611111111	0.0277777778	0.2500000000
=	0.2500000000	0.1388888889	0.1388888889	0.4722222222
=	0.9166666667	0.0277777778	0.0277777778	0.0277777778
=	0.2500000000	0.3611111111	0.2500000000	0.1388888889
=	0.1388888889	0.3611111111	0.3611111111	0.1388888889
=	0.3611111111	0.0277777778	0.1388888889	0.4722222222
=	0.2500000000	0.3611111111	0.2500000000	0.1388888889
=	0.0277777778	0.0277777778	0.0277777778	0.9166666667
=	0.0277777778	0.4722222222	0.0277777778	0.4722222222

> M00942_CPRF1_01
=	0.0500000000	0.0500000000	0.4500000000	0.4500000000
=	0.4500000000	0.4500000000	0.0500000000	0.0500000000
=	0.0416666667	0.8750000000	0.0416666667	0.0416666667
=	0.8750000000	0.0416666667	0.0416666667	0.0416666667
=	0.0416666667	0.8750000000	0.0416666667	0.0416666667
=	0.0416666667	0.0416666667	0.8750000000	0.0416666667
=	0.0416666667	0.0416666667	0.0416666667	0.8750000000
=	0.0416666667	0.0416666667	0.8750000000	0.0416666667
=	0.0500000000	0.0500000000	0.4500000000	0.4500000000
=	0.4500000000	0.4500000000	0.0500000000	0.0500000000

> M00943_TAF1_01
=	0.2031250000	0.2031250000	0.4531250000	0.1406250000
=	0.2031250000	0.4531250000	0.0781250000	0.2656250000
=	0.1250000000	0.5694444444	0.2361111111	0.0694444444
=	0.9027777778	0.0694444444	0.0138888889	0.0138888889
=	0.0138888889	0.9027777778	0.0694444444	0.0138888889
=	0.0138888889	0.0138888889	0.9027777778	0.0694444444
=	0.0138888889	0.0138888889	0.0694444444	0.9027777778
=	0.0138888889	0.2361111111	0.7361111111	0.0138888889
=	0.2031250000	0.0781250000	0.5156250000	0.2031250000
=	0.1406250000	0.3906250000	0.2656250000	0.2031250000

> M00944_CPRF3_01
=	0.1562500000	0.1562500000	0.4062500000	0.2812500000
=	0.2812500000	0.2812500000	0.0312500000	0.4062500000
=	0.0250000000	0.5250000000	0.4250000000	0.0250000000
=	0.9250000000	0.0250000000	0.0250000000	0.0250000000
=	0.0250000000	0.9250000000	0.0250000000	0.0250000000
=	0.0250000000	0.0250000000	0.9250000000	0.0250000000
=	0.0250000000	0.0250000000	0.0250000000	0.9250000000
=	0.0250000000	0.4250000000	0.5250000000	0.0250000000
=	0.4062500000	0.0312500000	0.2812500000	0.2812500000
=	0.2812500000	0.4062500000	0.1562500000	0.1562500000

> M00945_CPRF2_01
=	0.2708333333	0.2708333333	0.2708333333	0.1875000000
=	0.2708333333	0.3541666667	0.0208333333	0.3541666667
=	0.0166666667	0.6166666667	0.2833333333	0.0833333333
=	0.9500000000	0.0166666667	0.0166666667	0.0166666667
=	0.0166666667	0.9500000000	0.0166666667	0.0166666667
=	0.0166666667	0.0166666667	0.9500000000	0.0166666667
=	0.0166666667	0.0166666667	0.0166666667	0.9500000000
=	0.0833333333	0.2833333333	0.6166666667	0.0166666667
=	0.3541666667	0.0208333333	0.3541666667	0.2708333333
=	0.1875000000	0.2708333333	0.2708333333	0.2708333333

> M00946_TGA1B_01
=	0.2500000000	0.0500000000	0.6500000000	0.0500000000
=	0.2500000000	0.2500000000	0.0500000000	0.4500000000
