> M00417_ATHB9_01
=	0.4250000000	0.2250000000	0.1250000000	0.2250000000
=	0.3500000000	0.2166666667	0.2166666667	0.2166666667
=	0.3088235294	0.2500000000	0.1323529412	0.3088235294
=	0.1710526316	0.4342105263	0.1184210526	0.2763157895
=	0.0092592593	0.0462962963	0.9351851852	0.0092592593
=	0.0092592593	0.2314814815	0.0092592593	0.7500000000
=	0.9351851852	0.0092592593	0.0462962963	0.0092592593
=	0.9722222222	0.0092592593	0.0092592593	0.0092592593
=	0.0092592593	0.0092592593	0.0092592593	0.9722222222
=	0.0092592593	0.0092592593	0.9722222222	0.0092592593
=	0.9722222222	0.0092592593	0.0092592593	0.0092592593
=	0.0092592593	0.0092592593	0.0092592593	0.9722222222
=	0.0092592593	0.0092592593	0.1203703704	0.8611111111
=	0.6388888889	0.0092592593	0.3425925926	0.0092592593
=	0.0092592593	0.9351851852	0.0462962963	0.0092592593
=	0.2916666667	0.0694444444	0.2361111111	0.4027777778
=	0.1730769231	0.4807692308	0.0192307692	0.3269230769
=	0.0227272727	0.2954545455	0.3863636364	0.2954545455
=	0.0277777778	0.5833333333	0.3611111111	0.0277777778

> M0004_1.02
=	0.150033322225925	0.716511162945685	0.0750583138953682	0.0583972009330223
=	0.0255348955680081	0.0127992868059093	0.948866530820173	0.0127992868059093
=	0.0189260563380282	0.874056841046278	0.106954225352113	6.28772635814889e-05
=	0.0189260563380282	0.97466046277666	0.00635060362173038	6.28772635814889e-05
=	6.28772635814889e-05	0.00635060362173038	0.993523641851107	6.28772635814889e-05
=	0.0588734971249347	0.627352326189232	0.13728437009932	0.176489806586513
=	0.157922429344558	0.774278412507517	0.00759170174383644	0.060207456404089
=	0.488782763216348	0.0667481119502443	0.299977787649933	0.144491337183474

> M0005_1.02
=	0.346006144393241	0.461213517665131	0.192396313364055	0.000384024577572965
=	0.00024975024975025	0.00024975024975025	0.999250749250749	0.00024975024975025
=	0.000243664717348928	0.999269005847953	0.000243664717348928	0.000243664717348928
=	0.122076023391813	0.877436647173489	0.000243664717348928	0.000243664717348928
=	0.0246101364522417	0.000243664717348928	0.97490253411306	0.000243664717348928
=	0.000243664717348928	0.950536062378168	0.0489766081871345	0.000243664717348928
=	0.000243664717348928	0.999269005847953	0.000243664717348928	0.000243664717348928
=	0.241391184573003	0.103650137741047	0.482438016528926	0.172520661157025

> M0006_1.02
=	0.248762196328252	0.390136783761248	0.266799490745664	0.0943015291648353
=	0.136991844879943	0.720482695175897	0.132943123996984	0.00958233594717607
=	0.384131224978392	0.0006777235801929	0.614607729350117	0.000583322091298152
=	0.00102898293314316	0.795181881083222	0.186526042978333	0.0172630930053022
=	0.00111886456325489	0.955576083238579	0.000685445963024284	0.042619606235142
=	0.20186456944989	0.00918523243981049	0.711657690524977	0.0772925075853224
=	0.164165981479541	0.679174437410075	0.0791130623517255	0.0775465187586578
=	0.348469556281065	0.351971733544841	0.155019492965966	0.144539217208129
=	0.253096231294722	0.163003191004795	0.425714859034923	0.15818571866556
=	0.184069846927327	0.238725722517531	0.171625587708102	0.40557884284704

> M0007_1.02
=	0.193256166989386	0.294128456523198	0.315455175957076	0.19716020053034
=	0.197302290032636	0.470942977434902	0.174991433244587	0.156763299287876
=	0.0179780513925291	0.00028341348993657	0.981568346569837	0.000170188547697322
=	0.0609138140456216	0.828370054420269	0.0864408167680766	0.024275314766033
=	0.0977576692954277	0.680271275873928	0.0761337494017287	0.145837305428915
=	0.179404994209844	7.57471687865919e-05	0.820280034450025	0.00023922417134443
=	0.138180576938342	0.419289393502228	0.212419131491284	0.230110898068146
=	0.223853107035285	0.403828411802235	0.192672154777683	0.179646326384797
=	0.351359490482045	0.208890436834257	0.230859635849441	0.208890436834257

> M0008_1.02
=	0.274975024975025	0.00024975024975025	0.125124875124875	0.59965034965035
=	0.758270158511371	0.241385251550655	0.000172294968986906	0.000172294968986906
=	0.000156152404747033	0.000156152404747033	0.000156152404747033	0.999531542785759
=	0.000156152404747033	0.000156152404747033	0.999531542785759	0.000156152404747033
=	0.000156152404747033	0.000156152404747033	0.000156152404747033	0.999531542785759
=	0.000156152404747033	0.10946283572767	0.0157713928794503	0.874609618988132
=	0.00017531556802244	0.00017531556802244	0.911816269284712	0.0878330995792426
=	0.000243664717348928	0.682504873294347	0.0977095516569201	0.219541910331384

> M0010_1.02
=	0.184462664307868	0.256581686929458	0.319720469565776	0.239235179196898
=	0.105898899930707	0.380880190302537	0.185394291902765	0.327826617863991
=	0.0455569631043099	0.000793710479183719	0.952379394258818	0.00126993215768892
=	0.0370386028966732	0.782082856690142	0.0541609782265034	0.126717562186682
=	0.0301800872826301	0.62464428573705	0.110739693670301	0.234435933310018
=	0.136135030144868	0.0930974935640104	0.701799156755609	0.068968319535512
=	0.17668837744013	0.191404234286779	0.36299447050365	0.26891291776944
=	0.199359808183106	0.485466980109179	0.0970388363926729	0.218134375315043

> M0011_1.02
=	0.0801358912869704	0.759592326139089	0.0801358912869704	0.0801358912869704
=	0.0144203312392918	0.000142775556824672	0.985294117647059	0.000142775556824672
=	0.000142775556824672	0.885351227869789	0.114363221016562	0.000142775556824672
=	0.000142775556824672	0.985294117647059	0.0144203312392918	0.000142775556824672
=	0.0144203312392918	0.000142775556824672	0.985294117647059	0.000142775556824672
=	0.0572529982866933	0.642632781267847	0.185750999428898	0.114363221016562
=	0.0794733502538071	0.904346446700508	0.000158629441624365	0.0160215736040609
=	0.581087360594796	0.0234665427509294	0.279042750929368	0.116403345724907

> M0012_1.02
=	0.202071060421004	0.57170288215076	0.0973798606659472	0.128846196762288
=	0.0382981086702478	0.000181845203122499	0.958529665995676	0.0029903801309539
=	0.00931364544176394	0.908214492410452	0.0635279887353729	0.0189438734124116
=	0.113719722838923	0.807333505925258	0.0313037171654394	0.0476430540703787
=	0.0747575173629443	0.0532101822654095	0.840712522649932	0.0313197777217143
=	0.153634558671648	0.452404543174866	0.150592390584526	0.24336850756896
=	0.19744223615268	0.605131667265657	0.0582909043492158	0.139135192232447
=	0.44869236054871	0.175271725570871	0.184258099103051	0.191777814777369
=	0.272738280745743	0.206131158269966	0.184659327929877	0.336471233054413
=	0.290029194708262	0.206434173539932	0.1924779476283	0.311058684123506

> M0013_1.02
=	0.187655860349127	0.000623441396508728	0.25	0.561720698254364
=	0.862522686025408	0.136569872958258	0.000453720508166969	0.000453720508166969
=	0.000453720508166969	0.000453720508166969	0.000453720508166969	0.998638838475499
=	0.000453720508166969	0.000453720508166969	0.998638838475499	0.000453720508166969
=	0.000453720508166969	0.000453720508166969	0.000453720508166969	0.998638838475499
=	0.000453720508166969	0.0911978221415608	0.000453720508166969	0.907894736842105
=	0.000453720508166969	0.000453720508166969	0.998638838475499	0.000453720508166969
=	0.000712250712250712	0.712962962962963	0.0719373219373219	0.214387464387464

> M0014_1.02
=	0.169306365581592	0.404119201518077	0.161049196697845	0.265525236202486
=	0.486759534255965	0.0114474870268706	0.402530242899903	0.0992627358172614
=	0.0361594227822092	0.895997454465978	0.0278807802791882	0.0399623424726248
=	0.0274740353233516	0.937523091061787	0.00110875901916766	0.0338941145956934
=	0.0635547168857608	0.000411437241908737	0.9085966057753	0.0274372400970309
=	0.354760915533783	0.190841661207374	0.188942754951095	0.265454668307747
=	0.0754962701652338	0.807613217621505	0.0457908025530289	0.0710997096602323
=	0.230587807577689	0.493060425616588	0.0985566720981712	0.177795094707551
=	0.365499344793799	0.188908824133572	0.200590293427904	0.245001537644725

> M0015_1.02
=	0.205689924493205	0.280442808763306	0.274889669089141	0.238977597654347
=	0.219631343095586	0.420712804984574	0.181626145278971	0.178029706640869
=	0.608066773692225	7.42947271062653e-05	0.391617148737412	0.000241782843257178
=	0.0205990864160418	0.948846205015112	0.0267155749296198	0.00383913363922629
=	0.0322894205983321	0.911179250594626	0.0193896543133781	0.0371416744936642
=	0.0648466587263899	0.000159139418881284	0.85579031403152	0.0792038878232088
=	0.352874110546702	0.312971260238602	0.12225528593584	0.211899343278855
=	0.215542593260496	0.381136865806431	0.150378964586948	0.252941576346124
=	0.319425317617637	0.236636095450179	0.16345267500563	0.280485911926554

> M0016_1.02
=	0.1807531099907	0.553981928808499	0.128654699445813	0.136610261754989
=	0.584029157000499	0.000180856914009791	0.415694621604888	9.53644806034745e-05
=	0.000969222876691743	0.933311777979717	0.0652834992323494	0.00043549991124145
=	0.00116794195791714	0.96801074601715	9.11948539060898e-05	0.0307301171710265
=	0.0934848599734863	0.00680596544010304	0.786662645280055	0.113046529306356
=	0.496771732217494	0.241804761383409	0.0804898129800027	0.180933693419094
=	0.0987224708572553	0.822470477541582	0.000368731179870787	0.0784383204212921
=	0.270589293012381	0.550376256604598	0.0524889225165412	0.126545527866479
=	0.468198346693714	0.141018632079586	0.160596020786319	0.230187000440381
=	0.268543593527983	0.245430364733755	0.189239471940618	0.296786569797643

> M0017_1.02
=	0.2	0.5	0.133333333333333	0.166666666666667
=	0.027027027027027	0.0540540540540541	0.891891891891892	0.027027027027027
=	0.0263157894736842	0.605263157894737	0.342105263157895	0.0263157894736842
=	0.0263157894736842	0.894736842105263	0.0526315789473684	0.0263157894736842
=	0.0789473684210526	0.0263157894736842	0.842105263157895	0.0526315789473684
=	0.0263157894736842	0.236842105263158	0.710526315789474	0.0263157894736842
=	0.027027027027027	0.918918918918919	0.027027027027027	0.027027027027027
=	0.103448275862069	0.586206896551724	0.172413793103448	0.137931034482759

> M0018_1.02
=	0.188766178084544	0.23996884348967	0.391705035479709	0.179559942946076
=	0.100216874578151	0.435866752534571	0.346310781116173	0.117605591771105
=	0.222731161177737	0.60544606795878	0.117444453900025	0.0543783169634581
=	0.0145354246830642	0.000604465158234304	0.912865680420584	0.0719944297381174
=	0.00019110113885285	0.997295913923854	0.00200380431512119	0.00050918062217203
=	0.0424045805486231	0.95075498277637	0.0036592433410561	0.00318119333395058
=	0.0360940064606281	0.0275534244017617	0.903365131031359	0.0329874381062506
=	0.170746325015835	0.518105544533724	0.100502135467632	0.210645994982809
=	0.235827226389515	0.660567586616616	0.0367118446559763	0.0668933423378924
=	0.477760362483492	0.132835201477163	0.239633164597966	0.149771271441378

> M0019_1.02
=	0.190014354944333	0.292100996699139	0.234416540763344	0.283468107593183
=	0.172680268901917	0.226205013594255	0.188942309532907	0.412172407970921
=	0.306697853996493	0.037934579135575	0.57585913524022	0.0795084316277126
=	3.55009202787179e-06	0.888218921131996	0.0181599432119169	0.0936175855640595
=	0.0357836314003013	0.87786301741573	0.0464088681711711	0.0399444830127978
=	0.0403589577126115	0.0361549319846181	0.895886176605311	0.0275999336974595
=	0.536441884188888	0.241038876164248	0.0763217710582271	0.146197468588637
=	0.0942543470060663	0.710519893899477	0.0981009398777193	0.0971248192167371
=	0.420878426761359	0.156388613164696	0.221926005898407	0.200806954175539

> M0020_1.02
=	0.217419635099913	0.478062554300608	0.282580364900087	0.0219374456993918
=	0.000161186331399097	0.0485170857511283	0.951160541586073	0.000161186331399097
=	0.0162798194713088	0.951160541586073	0.0323984526112186	0.000161186331399097
=	0.000161186331399097	0.983397807865893	0.0162798194713088	0.000161186331399097
=	0.000161186331399097	0.0162798194713088	0.983397807865893	0.000161186331399097
=	0.0968729851708575	0.644906511927788	0.145228884590587	0.112991618310767
=	0.000169376693766938	0.999491869918699	0.000169376693766938	0.000169376693766938
=	0.461321721311475	0.102715163934426	0.282018442622951	0.153944672131148

> M0021_1.02
=	0.253340061149035	0.238586684528643	0.213734096231953	0.29433915809037
=	0.238514741553609	0.217986060456064	0.263599555892927	0.2798996420974
=	0.216234864566995	0.0719783337150938	0.581938721549179	0.129848080168733
=	0.114251443316202	0.501900384329202	0.24430114436912	0.139547027985476
=	0.00957586502121877	0.664640220144773	0.00226878823747161	0.323515126596536
=	0.203539562448183	0.00446317500234806	0.777326443876937	0.0146708186725322
=	0.14817891282083	0.326496886912349	0.281018474850527	0.244305725416294
=	0.239003865309729	0.346014168825605	0.22508536374053	0.189896602124136

> M0022_1.02
=	0.168575920934411	0.516734052111411	0.224730458221024	0.0899595687331536
=	0.0648014959723821	0.726481588032221	0.115146720368239	0.0935701956271577
=	0.0238633658652702	0.0179124018090931	0.952213758628898	0.00601047369673887
=	0.011961437752916	0.898655082123304	0.0833730064270412	0.00601047369673887
=	0.011961437752916	0.976017614853606	0.011961437752916	5.9509640561771e-05
=	0.00601047369673887	0.00601047369673887	0.987919542965961	5.9509640561771e-05
=	0.0562984253936516	0.662396900774806	0.13127968007998	0.150024993751562
=	0.123115964318671	0.799830821285758	0.0385266071977853	0.0385266071977853

> M0023_1.02
=	0.26252644963372	0.441576747022422	0.139819434637245	0.156077368706614
=	0.0769440405920383	0.0144844898639247	0.873998283485152	0.0345731860588848
=	0.0482325003227134	0.867862310739902	0.0835991267358684	0.000306062201515716
=	0.128539272907789	0.769879864911925	0.0364606823314052	0.0651201798488816
=	0.0903979315017469	0.0248839093996005	0.874997811433086	0.00972034766556653
=	0.145906067265025	0.456214475325174	0.132021269182095	0.265858188227706
=	0.211815820407552	0.593310057689149	0.0664013326030868	0.128472789300213
=	0.418633277831722	0.173641929931651	0.20997643389954	0.197748358337088
=	0.275863494034968	0.208493143662656	0.198324813060247	0.317318549242129
=	0.279059484694934	0.208810045594693	0.200622486597652	0.311507983112721

> M0024_1.02
=	0.214652287493303	0.317037305969704	0.270161371159963	0.198149035377029
=	0.248333688653698	0.355943980551975	0.222465795244215	0.173256535550112
=	0.0955790716309179	0.0627999250604244	0.804285157445969	0.0373358458626892
=	0.0256397416228759	0.745565920111419	0.166358243197813	0.0624360950678923
=	0.15075169485887	0.769417763954955	0.0100305363873763	0.0698000047987995
=	0.19211822856148	0.0387880014003446	0.756052604207059	0.0130411658311163
=	0.189787713106462	0.448498863696367	0.170018311863791	0.19169511133338
=	0.124989966942595	0.677380713987058	0.0993087287155297	0.0983205903548174

> M0025_1.02
=	0.176000769806402	0.377859757908354	0.270138703220726	0.176000769806402
=	0.303124852267135	0.503084809554337	0.0968951694602067	0.0968951694602067
=	0.000148883478132441	0.000148883478132441	0.999553350307489	0.000148883478132441
=	0.000148883478132441	0.999553350307489	0.000148883478132441	0.000148883478132441
=	0.000148883478132441	0.999553350307489	0.000148883478132441	0.000148883478132441
=	0.000148883478132441	0.000148883478132441	0.999553350307489	0.000148883478132441
=	0.000148883478132441	0.999553350307489	0.000148883478132441	0.000148883478132441
=	0.000148883478132441	0.999553350307489	0.000148883478132441	0.000148883478132441
=	0.359357948452329	0.0741481138572011	0.492345824575155	0.0741481138572011
=	0.153253714203397	0.255522680931698	0.240734459332771	0.350489146274018

> M0026_1.02
=	0.250204651364122	0.235633866794929	0.273767495181889	0.240393986659061
=	0.165396292367678	0.241856449463293	0.120102358444839	0.47264489972419
=	0.0431998059002806	0.0109773713331311	0.912178780101497	0.0336440426650916
=	0.114622783868254	0.0857680531872467	0.140000584359954	0.659608578584546
=	0.00373107485219175	0.989002001447126	0.00247612875910583	0.0047907949415764
=	0.00615769671947404	0.00166147007641585	0.980147232467118	0.0120336007369921
=	0.019148368907209	0.00843354780006115	0.965086309058944	0.00733177423378598
=	0.0201203166657947	0.416434873591039	0.0393198737268605	0.524124936016305
=	0.244346344143468	0.170474659681266	0.394881872007665	0.190297124167602
=	0.261387249559623	0.224978090637474	0.316082426352568	0.197552233450335

> M0027_1.02
=	0.290625947681687	0.352131468786373	0.178621291207815	0.178621291207815
=	0.0781361827969125	0.220662650339664	0.166106757178216	0.535094408568898
=	9.41918950944927e-05	9.41918950944927e-05	0.999717423198411	9.41918950944927e-05
=	9.41918950944927e-05	0.999717423198411	9.41918950944927e-05	9.41918950944927e-05
=	9.41918950944927e-05	0.999717423198411	9.41918950944927e-05	9.41918950944927e-05
=	9.41918950944927e-05	9.41918950944927e-05	0.999717423198411	9.41918950944927e-05
=	9.41918950944927e-05	0.0880647662763975	0.911746848817104	9.41918950944927e-05
=	9.41918950944927e-05	0.999717423198411	9.41918950944927e-05	9.41918950944927e-05
=	0.158670565089279	0.156081106709472	0.530319104499017	0.15492922258592
=	0.171958008819104	0.277698342174653	0.256566215120374	0.293777432769558

> M0028_1.02
=	0.216684466407996	0.323255238560833	0.262025603814038	0.198034691217133
=	0.297133913536241	0.470682102455795	0.113770461693415	0.118413522314549
=	0.0536499408555366	9.65668627556423e-05	0.946224982830691	2.85094510165503e-05
=	0.057636172095945	0.83226454908127	0.0476627589618026	0.0624365198609821
=	0.127081743844249	0.784330534330002	0.0326168991191687	0.0559708227065808
=	0.20592999253349	0.0925303102382412	0.618647886765734	0.0828918104625341
=	0.241989257233552	0.346850320379372	0.13280652019298	0.278353902194096
=	0.128128594268033	0.680640592176782	0.0668889915272945	0.124341822027891
=	0.307219612314049	0.319757482537511	0.140831317094171	0.232191588054269

> M0029_1.02
=	0.0438368055555556	0.477864583333333	0.34765625	0.130642361111111
=	0.108261339092873	0.783207343412527	0.0812634989200864	0.027267818574514
=	0.000227066303360581	0.000227066303360581	0.999318801089918	0.000227066303360581
=	0.000227066303360581	0.97661217075386	0.0229336966394187	0.000227066303360581
=	0.000227066303360581	0.999318801089918	0.000227066303360581	0.000227066303360581
=	0.000227066303360581	0.000227066303360581	0.999318801089918	0.000227066303360581
=	0.0229336966394187	0.931198910081744	0.000227066303360581	0.0456403269754768
=	0.11780258519389	0.734723854289072	0.059048178613396	0.0884253819036428

> M0030_1.02
=	0.990131578947368	0.00328947368421053	0.00328947368421053	0.00328947368421053
=	0.00328947368421053	0.00328947368421053	0.00328947368421053	0.990131578947368
=	0.00328947368421053	0.00328947368421053	0.990131578947368	0.00328947368421053
=	0.00328947368421053	0.00328947368421053	0.00328947368421053	0.990131578947368
=	0.00328947368421053	0.990131578947368	0.00328947368421053	0.00328947368421053
=	0.00328947368421053	0.00328947368421053	0.990131578947368	0.00328947368421053
=	0.00328947368421053	0.00328947368421053	0.990131578947368	0.00328947368421053
=	0.00490196078431373	0.495098039215686	0.00490196078431373	0.495098039215686

> M0031_1.02
=	0.224884907437378	0.220840797291663	0.245692488416863	0.308581687590048
=	0.511251887158528	0.138173441259952	0.167551597191003	0.183022858114264
=	0.128736703611067	0.210702093524672	0.138685335432972	0.521875725733431
=	0.0319034940773676	0.00302142365371502	0.958030595665103	0.00704445954235937
=	0.0274159231322822	0.0110672552790471	0.00201520243483041	0.959501366329946
=	0.0106552745180026	0.959277702261305	2.53794196883458e-11	0.0300674156113042
=	0.0679176326694221	0.00370794991280682	0.888377972845839	0.0399967721915577
=	0.0901848335853502	9.28563796373255e-05	0.893602343382785	0.0161199555416286
=	0.0156652271711801	0.533364624057945	0.014506345550166	0.436463929173117
=	0.371159703339472	0.207896931982291	0.266626223843347	0.15431697118154

> M0033_1.02
=	0.0699349442379182	0.325511152416357	0.534618959107807	0.0699349442379182
=	0.107779827798278	0.768911439114391	0.0616543665436654	0.0616543665436654
=	0.000126518218623482	0.000126518218623482	0.99962044534413	0.000126518218623482
=	0.000126518218623482	0.974316801619433	0.0254301619433198	0.000126518218623482
=	0.000126518218623482	0.99962044534413	0.000126518218623482	0.000126518218623482
=	0.000126518218623482	0.0127783400809717	0.986968623481781	0.000126518218623482
=	0.0676661264181523	0.756482982171799	0.0676661264181523	0.108184764991896
=	0.0968729851708575	0.789974210186976	0.064635718891038	0.0485170857511283

> M0034_1.02
=	0.000766871165644172	0.0774539877300614	0.000766871165644172	0.92101226993865
=	0.000623441396508728	0.000623441396508728	0.998129675810474	0.000623441396508728
=	0.000623441396508728	0.000623441396508728	0.000623441396508728	0.998129675810474
=	0.000623441396508728	0.998129675810474	0.000623441396508728	0.000623441396508728
=	0.000623441396508728	0.000623441396508728	0.998129675810474	0.000623441396508728
=	0.000623441396508728	0.000623441396508728	0.998129675810474	0.000623441396508728
=	0.000623441396508728	0.25	0.000623441396508728	0.748753117206983
=	0.200199203187251	0.100597609561753	0.598605577689243	0.100597609561753

> M0035_1.02
=	0.125153706267859	0.281334015843198	0.198252730209156	0.395259547679787
=	0.0888960533142961	0.104320484949775	0.670127334974701	0.136656126761227
=	0.110173125307554	0.35144491848344	0.358544576781189	0.179837379427816
=	0.011647639569548	0.675263879277592	0.00354345963395334	0.309545021518907
=	0.139117240770327	0.0565608492526394	0.695977293921795	0.108344616055238
=	0.121929624155244	0.193145545609473	0.479835831106779	0.205088999128504
=	0.159206254813577	0.478282021421859	0.134316715772149	0.228195007992415
=	0.168318450819261	0.319212723578459	0.211845603864208	0.300623221738071
=	0.225199051834877	0.261643969845074	0.248883442861913	0.264273535458136

> M0036_1.02
=	0.178677813280563	0.349178851042988	0.274673812736755	0.197469522939694
=	0.25595772341127	0.443639496507847	0.173297936227914	0.127104843852969
=	0.0748954457989047	0.0286769333929842	0.885447427018575	0.0109801937895359
=	0.0365865902330995	0.764851567572958	0.14398106328541	0.0545807789085318
=	0.103239880738101	0.801957183522846	0.0419742031897293	0.0528287325493234
=	0.112874045329131	0.0827871249877073	0.747154920315814	0.0571839093673481
=	0.181955182741574	0.413129212795714	0.119553074177698	0.285362530285015
=	0.276531740359245	0.455923762315515	0.0929745321593201	0.17456996516592
=	0.387095568805307	0.208235908078164	0.192225970654215	0.212442552462314
=	0.286170086434081	0.212000014255169	0.191825545525473	0.310004353785277

> M0037_1.02
=	0.193275829375215	0.300100775412363	0.279812108346778	0.226811286865645
=	0.289446501432731	0.467767081731808	0.16699610413242	0.0757903127030404
=	0.0339655381821385	0.0132678846589821	0.939498692499897	0.0132678846589821
=	0.032072797988561	0.905066349725687	0.035802161052223	0.027058691233529
=	0.0970553117996941	0.850037988092885	0.0205997932839999	0.0323069068234205
=	0.0426486450836321	0.0104123802352429	0.927966380899597	0.0189725937815283
=	0.129323458451234	0.591295974901875	0.130623180816351	0.148757385830539
=	0.0346507596793668	0.902636250787217	0.0244179776471985	0.0382950118862178
=	0.383810260441554	0.175940930610207	0.239882283385185	0.200366525563053
=	0.232501882006753	0.254397580200986	0.223385352816637	0.289715184975624

> M0038_1.02
=	0.255195963405809	0.255195963405809	0.213157586311753	0.27645048687663
=	0.231180279057617	0.274019106288723	0.265920617806193	0.228879996847467
=	0.289754784111583	0.320228560768001	0.237231152611637	0.15278550250878
=	0.132148746578415	0.0801522664491717	0.723375286445266	0.0643237005271473
=	0.0943931745743965	0.690536455298518	0.140818069109337	0.0742523010177487
=	0.172828118567296	0.700852580518228	0.0421948242982982	0.0841244766161773
=	0.15951503115782	0.0238584429631859	0.774438427292742	0.0421880985862518
=	0.17769423497723	0.464083406762413	0.145483734825437	0.21273862343492
=	0.121071713854827	0.68292363575583	0.0896921316373633	0.106312518751979
=	0.342518798767467	0.222811593728122	0.220594581328287	0.214075026176124

> M0039_1.02
=	0.273480839035947	0.273480839035947	0.200583688987081	0.252454632941026
=	0.23064971961082	0.273390231602539	0.26531032917582	0.23064971961082
=	0.278186771458873	0.368077210697731	0.188348266023084	0.165387751820312
=	0.144544416539558	0.0581826291149214	0.745150969102108	0.0521219852434125
=	0.115568723860811	0.613920453081585	0.175891154735585	0.0946196683220188
=	0.185944995736138	0.668777158290842	0.0719125579687736	0.0733652880042468
=	0.213466198368667	0.119519375795249	0.58609301081285	0.0809214150232327
=	0.197200246080693	0.352207218018992	0.207310918901121	0.243281616999194
=	0.166530987730503	0.604971533211818	0.105128289032548	0.123369190025131
=	0.320417074899948	0.2928391570489	0.17409889613113	0.212644871920021

> M0040_1.02
=	0.00124378109452736	0.125621890547264	0.25	0.623134328358209
=	0.000766871165644172	0.000766871165644172	0.997699386503068	0.000766871165644172
=	0.000712250712250712	0.997863247863248	0.000712250712250712	0.000712250712250712
=	0.000712250712250712	0.926638176638177	0.0719373219373219	0.000712250712250712
=	0.000712250712250712	0.000712250712250712	0.997863247863248	0.000712250712250712
=	0.000712250712250712	0.143162393162393	0.855413105413105	0.000712250712250712
=	0.000712250712250712	0.997863247863248	0.000712250712250712	0.000712250712250712
=	0.100597609561753	0.100597609561753	0.698207171314741	0.100597609561753

> M0041_1.02
=	0.188091672299649	0.313227405696275	0.300945583448094	0.197735338555982
=	0.224790885664638	0.480665005339425	0.156831279254293	0.137712829741644
=	0.0546632045354002	5.56424325544905e-05	0.945005554259505	0.000275598772540144
=	0.0218700119423741	0.884583028838797	0.0477088244921192	0.0458381347267095
=	0.0925585145291671	0.771117709922561	0.0620438277243727	0.0742799478238994
=	0.173466936315345	0.0971238543055792	0.617690184529983	0.111719024849093
=	0.195604070526282	0.422459070570696	0.140624408665073	0.241312450237948
=	0.219415300035718	0.464502193761859	0.125332008139362	0.190750498063061
=	0.342200049292762	0.236369322007075	0.213875807031404	0.20755482166876

> M0043_1.02
=	0.00328947368421053	0.990131578947368	0.00328947368421053	0.00328947368421053
=	0.00328947368421053	0.00328947368421053	0.990131578947368	0.00328947368421053
=	0.00328947368421053	0.661184210526316	0.332236842105263	0.00328947368421053
=	0.00328947368421053	0.990131578947368	0.00328947368421053	0.00328947368421053
=	0.00328947368421053	0.00328947368421053	0.990131578947368	0.00328947368421053
=	0.00328947368421053	0.990131578947368	0.00328947368421053	0.00328947368421053
=	0.00328947368421053	0.990131578947368	0.00328947368421053	0.00328947368421053
=	0.495098039215686	0.00490196078431373	0.495098039215686	0.00490196078431373

> M0072_1.02
=	0.0719373219373219	0.000712250712250712	0.285612535612536	0.641737891737892
=	0.000499001996007984	0.000499001996007984	0.998502994011976	0.000499001996007984
=	0.0503992015968064	0.000499001996007984	0.000499001996007984	0.948602794411178
=	0.000499001996007984	0.998502994011976	0.000499001996007984	0.000499001996007984
=	0.000499001996007984	0.000499001996007984	0.998502994011976	0.000499001996007984
=	0.000499001996007984	0.000499001996007984	0.998502994011976	0.000499001996007984
=	0.000499001996007984	0.150199600798403	0.000499001996007984	0.848802395209581
=	0.0838870431893688	0.000830564784053156	0.665282392026578	0.25

> M0073_1.02
=	0.292151555294189	0.179800677817259	0.179800677817259	0.348247091760667
=	0.14382658284777	0.0791399029223078	0.288488163263535	0.488545353655762
=	8.38133350972129e-05	8.38133350972129e-05	0.999748562684085	8.38133350972129e-05
=	8.38133350972129e-05	8.38133350972129e-05	8.38133350972129e-05	0.999748562684085
=	8.38133350972129e-05	0.999748562684085	8.38133350972129e-05	8.38133350972129e-05
=	8.38133350972129e-05	8.38133350972129e-05	0.999748562684085	8.38133350972129e-05
=	8.38133350972129e-05	8.38133350972129e-05	0.999748562684085	8.38133350972129e-05
=	8.38133350972129e-05	0.0761516217736107	8.38133350972129e-05	0.923680754245573
=	0.0702831361901818	0.0702831361901818	0.789150594118829	0.0702831361901818
=	0.292062576150387	0.246483690732529	0.290509824721326	0.170943911085133

> M0077_1.02
=	0.260612574461579	0.233465640294527	0.24790234922483	0.258019436019064
=	0.281636353646997	0.21285617709934	0.237606682653289	0.267900786600374
=	0.259014740795027	0.214194605733293	0.371253446763665	0.155537206708015
=	0.203232188024338	0.525499431574119	0.140379449367727	0.130888931033816
=	0.518812243536154	0.206756557829056	0.215194453021959	0.0592367456128302
=	0.615438780348129	0.11243052526499	0.141505060209397	0.130625634177484
=	0.0301496876323712	0.867985111705369	0.0262108792385231	0.0756543214237364
=	0.826188969809211	0.00125460844195544	0.143570115361436	0.028986306387397
=	0.118495286281476	0.140453037683996	0.366820703141389	0.374230972893138
=	0.394877804147459	0.165434667835389	0.155800502794239	0.283887025222913

> M0078_1.02
=	0.284731837881717	0.169622592411103	0.277066176555146	0.268579389091545
=	0.0893722117631424	0.731883360650085	0.0893722117631424	0.0893722117631424
=	0.913909946778734	0.00015175587772519	0.00015175587772519	0.0857865374053273
=	0.0857865374053273	0.82208060520682	0.0919810974496394	0.00015175587772519
=	0.17152731424664	0.736339828365507	0.00015175587772519	0.0919810974496394
=	0.0919810974496394	0.00015175587772519	0.00015175587772519	0.907715386734422
=	0.17152731424664	0.00015175587772519	0.736339828365507	0.0919810974496394
=	0.913803951465024	0.0858925327190371	0.00015175587772519	0.00015175587772519
=	0.473480292416554	0.175462187741582	0.0805291624514998	0.270528353329875
=	0.340197243541613	0.160779543099461	0.160779543099461	0.338243666198978

> M0079_1.02
=	0.234214139209147	0.234302757206035	0.21999141762388	0.311491643146452
=	0.247213987532389	0.345646769049544	0.136477145885419	0.270662117344992
=	0.381623019805853	0.195242409600356	0.139150561278672	0.283983957337089
=	0.466709386132477	0.130590202359348	0.20047219819506	0.20222839488791
=	0.124822035869245	0.454918487705373	0.122595163252911	0.297664526662452
=	0.297664526662452	0.122595163252911	0.454918487705373	0.124822035869245
=	0.20222839488791	0.20047219819506	0.130590202359348	0.466709386132477
=	0.283983957337089	0.139150561278672	0.195242409600356	0.381623019805853
=	0.270662117344992	0.136477145885419	0.345646769049544	0.247213987532389
=	0.311491643146452	0.21999141762388	0.234302757206035	0.234214139209147

> M0081_1.02
=	0.427556818181818	0.00142045454545455	0.569602272727273	0.00142045454545455
=	0.00110619469026549	0.996681415929204	0.00110619469026549	0.00110619469026549
=	0.996681415929204	0.00110619469026549	0.00110619469026549	0.00110619469026549
=	0.996681415929204	0.00110619469026549	0.00110619469026549	0.00110619469026549
=	0.00110619469026549	0.996681415929204	0.00110619469026549	0.00110619469026549
=	0.996681415929204	0.00110619469026549	0.00110619469026549	0.00110619469026549
=	0.00110619469026549	0.00110619469026549	0.332964601769911	0.664823008849558
=	0.853693181818182	0.00142045454545455	0.00142045454545455	0.143465909090909

> M0118_1.02
=	0.241564132965632	0.266969654599267	0.261683301252248	0.229782911182852
=	0.209389878765882	0.306187592883201	0.250685198512864	0.233737329838053
=	0.345180854701421	0.182011249628435	0.303101731361226	0.169706164308918
=	0.329719671608835	0.179153470138074	0.251701236197142	0.239425622055948
=	0.4113085343231	0.0429202449567681	0.202217454290372	0.343553766429759
=	0.710466672070937	0.0477472770028017	0.000514747927116521	0.241271302999144
=	0.886835124565934	0.000920957938025459	0.0450448691703026	0.0671990483257379
=	0.454667158470958	0.00977243465521676	0.0380752944371423	0.497485112436683
=	0.212559009594317	0.177544208886613	0.0974383277679543	0.512458453751116

> M0119_1.02
=	0.248110244218579	0.152843076692065	0.248239831629024	0.350806850220956
=	0.831953714960303	0.0242597067579357	0.0242597067579357	0.119526874284449
=	0.292967739119448	0.000230424526312845	0.000230424526312845	0.70657141458855
=	0.701932974731649	0.000230424526312845	0.000230424526312845	0.29760617897635
=	0.000230424526312845	0.000230424526312845	0.000230424526312845	0.999308729181685
=	0.802505965903813	0.000230424526312845	0.000230424526312845	0.197033187804185
=	0.686995570102413	0.000230424526312845	0.000230424526312845	0.312543583605585
=	0.297561613327091	0.000230424526312845	0.000230424526312845	0.701977540380907
=	0.21312488758629	0.0973873485244037	0.0973873485244037	0.592100418125527
=	0.322087847385025	0.225970718458533	0.225970718458533	0.225970718458533

> M0121_1.02
=	0.374500670851076	0.13777109753429	0.378264465165624	0.109463766449009
=	0.226206064919081	0.276288711595392	0.249996364436679	0.247508859048848
=	0.606765128350872	0.0567208449011403	0.230014368308125	0.106499658439862
=	0.42855232477305	0.111098016399896	0.200419534539125	0.259930124287928
=	0.475920069050624	0.0467703716650041	0.205459702149394	0.271849857134979
=	0.400041902817027	0.0996405588329723	0.159424315529035	0.340893222820965
=	0.337415448825947	0.202616485260388	0.115736372876868	0.344231693036797
=	0.546503031932667	0.072496613893455	0.224424613993479	0.156575740180399
=	0.462606573998896	0.0407264175233583	0.319538242259533	0.177128766218212

> M0142_1.02
=	0.282958950502589	0.248464961579856	0.245992693905045	0.22258339401251
=	0.316659023962677	0.184532492829531	0.236944410987863	0.261864072219928
=	0.377777871501523	0.112652333533587	0.209412581763086	0.300157213201805
=	0.616393033452309	0.0689847041998677	0.111484414591218	0.203137847756605
=	0.675764369206464	0.0427703219414491	0.0631709440515372	0.21829436480055
=	0.326032179952778	0.133886990300119	0.0820227041025529	0.458058125644551
=	0.321153050529938	0.137265609257083	0.112383575642555	0.429197764570424

> M0145_1.02
=	0.839057507987221	0.000399361022364217	0.120207667731629	0.0403354632587859
=	0.881609870740306	0.000293772032902468	0.000293772032902468	0.11780258519389
=	0.8326859045505	0.000277469478357381	0.000277469478357381	0.166759156492786
=	0.693951165371809	0.000277469478357381	0.000277469478357381	0.305493895671476
=	0.166759156492786	0.000277469478357381	0.000277469478357381	0.8326859045505
=	0.8326859045505	0.000277469478357381	0.000277469478357381	0.166759156492786
=	0.764101057579319	0.0296709753231492	0.000293772032902468	0.20593419506463
=	0.185281065088757	0.0373520710059172	0.000369822485207101	0.776997041420118

> M0147_1.02
=	0.27028643006779	0.232637686284693	0.204278089391005	0.292797794256513
=	0.22498406906632	0.258793279801154	0.106274949139964	0.409947701992561
=	0.00401122864168501	3.10192552506281e-08	0.089935935429531	0.906052804909529
=	0.0381802483179918	0.00140820849091817	0.899931205094628	0.0604803380964619
=	9.02189365818299e-05	0.0128646606182173	0.00022866072272566	0.986816459722475
=	0.0535567294287057	0.863282043163867	0.00164994417804961	0.0815112832293778
=	0.061072128143343	0.0274414760787898	0.79795770420886	0.113528691569007
=	0.121391172320779	0.138243712520919	0.651331129302467	0.0890339858558348
=	0.22784235088784	0.336518776272246	0.21673034831376	0.218908524526153

> M0149_1.02
=	0.239344978700358	0.543432735178107	0.130048302198854	0.0871739839226809
=	0.618859778975903	0.0837535634997388	0.116498537466912	0.180888120057447
=	0.0749575495621803	0.725544165974942	0.00373191664663049	0.195766367816248
=	0.188282137730797	0.000158490848050592	0.771195239344901	0.0403641320762515
=	0.013438471551143	0.134037767112876	6.77535518780675e-05	0.852456007784103
=	0.165221284234635	0.00591378278934883	0.763021105205848	0.0658438277701683
=	0.143963474589057	0.441227060131483	0.210515570319474	0.204293894959986

> M0150_1.02
=	0.0559866962305987	0.277716186252772	0.444013303769401	0.222283813747228
=	0.000415973377703827	0.998752079866889	0.000415973377703827	0.000415973377703827
=	0.998752079866889	0.000415973377703827	0.000415973377703827	0.000415973377703827
=	0.000415973377703827	0.998752079866889	0.000415973377703827	0.000415973377703827
=	0.000415973377703827	0.000415973377703827	0.998752079866889	0.000415973377703827
=	0.000415973377703827	0.000415973377703827	0.000415973377703827	0.998752079866889
=	0.000415973377703827	0.000415973377703827	0.998752079866889	0.000415973377703827
=	0.133643617021277	0.0671542553191489	0.266622340425532	0.532579787234043

> M0153_1.02
=	0.232539227029612	0.270172036733725	0.286878542455558	0.210410193781105
=	0.220492117405218	0.300624490322717	0.256175292246558	0.222708100025507
=	0.199931157796196	0.527407289874344	0.127481734606878	0.145179817722582
=	0.685700919269679	0.105682736621219	0.137063120759215	0.0715532233498876
=	0.0160753186225329	0.755428464005322	0.0403376425284189	0.188158574843726
=	0.159966289751407	0.00113310664611965	0.832941243532292	0.00595936007018132
=	0.021982234276568	0.0400542423458648	0.00325513775095615	0.934708385626611
=	0.0136507466743768	0.0374795039185152	0.928707858748224	0.020161890658884
=	0.192493741218649	0.343801219461693	0.257253927024866	0.206451112294793

> M0155_1.02
=	0.22893344349599	0.313199662125569	0.22893344349599	0.22893344349599
=	0.22893344349599	0.22893344349599	0.313199662125569	0.22893344349599
=	0.132320801165181	0.239747422545948	0.315421923807155	0.312509845095257
=	0.0241373942286428	0.10572706049552	0.76227549261707	0.107860045272309
=	0.000156687903518358	0.999529928902986	0.000156687903518358	0.000156687903518358
=	0.999529928902986	0.000156687903518358	0.000156687903518358	0.000156687903518358
=	0.000156687903518358	0.904408354060868	0.000156687903518358	0.0952782627456368
=	0.000156687903518358	0.000156687903518358	0.999529928902986	0.000156687903518358
=	0.0212232425609129	0.0212232425609129	0.0212232425609129	0.936330264930803
=	0.0212232425609129	0.0212232425609129	0.936330264930803	0.0212232425609129
=	0.201558535935388	0.485345350586152	0.195260221200279	0.117835884891722
=	0.22601929182826	0.22601929182826	0.22601929182826	0.321942117128758

> M0156_1.02
=	0.287751529870626	0.219801506125072	0.295643852987447	0.196803099092631
=	0.143693331812433	0.275383201995273	0.279230451013678	0.301693014687447
=	0.0207175024935168	0.940292374510931	0.0144432120729641	0.0245473291761779
=	0.956610079991735	2.69288055097265e-11	0.0266940576847776	0.0166962879888703
=	0.00163346783104836	0.90784963104991	2.71300582106702e-11	0.0905165104165985
=	0.0905165104165985	2.71300582106702e-11	0.90784963104991	0.00163346783104836
=	0.0166962879888703	0.0266940576847776	2.69288055097265e-11	0.956610079991735
=	0.0245473291761779	0.0144432120729641	0.940292374510931	0.0207175024935168
=	0.301693014687447	0.279230451013678	0.275383201995273	0.143693331812433
=	0.196803099092631	0.295643852987447	0.219801506125072	0.287751529870626

> M0157_1.02
=	0.153993855606759	0.0387864823348694	0.653225806451613	0.153993855606759
=	0.000302663438256659	0.99909200968523	0.000302663438256659	0.000302663438256659
=	0.726694915254237	0.000302663438256659	0.242433414043584	0.0305690072639225
=	0.000302663438256659	0.847760290556901	0.000302663438256659	0.151634382566586
=	0.000302663438256659	0.000302663438256659	0.99909200968523	0.000302663438256659
=	0.000302663438256659	0.000302663438256659	0.000302663438256659	0.99909200968523
=	0.000302663438256659	0.000302663438256659	0.99909200968523	0.000302663438256659
=	0.095532319391635	0.143060836501901	0.475760456273764	0.2856463878327

> M0158_1.02
=	0.214387464387464	0.499287749287749	0.0719373219373219	0.214387464387464
=	0.000453720508166969	0.998638838475499	0.000453720508166969	0.000453720508166969
=	0.998638838475499	0.000453720508166969	0.000453720508166969	0.000453720508166969
=	0.000453720508166969	0.998638838475499	0.000453720508166969	0.000453720508166969
=	0.000453720508166969	0.000453720508166969	0.998638838475499	0.000453720508166969
=	0.000453720508166969	0.000453720508166969	0.000453720508166969	0.998638838475499
